1 1 1 2 2 1 1 2 3 1 1 3 4 1 1 1 1 1 2 2 2 1 2 3 3 1 2 3 4 1 2 1 1 1 3 1 2 1 3 2 3 1 3 3 4 1 3 3 1 1 4 1 2 1 4 2 3 1 4 3 4 1 4 1 1 2 1 1 2 2 1 1 3 2 1 3 4 2 1 3 1 2 2 3 2 2 2 1 3 2 2 2 4 2 2 2 1 2 3 1 2 2 3 3 3 2 3 3 4 2 3 1 1 2 4 3 2 2 4 1 3 2 4 3 4 2 4 2 1 3 1 3 2 3 1 3 3 3 1 3 4 3 1 1 1 3 2 1 2 3 2 1 3 3 2 2 4 3 2 2 1 3 3 3 2 3 3 1 3 3 3 3 4 3 3 1 1 3 4 2 2 3 4 3 3 3 4 1 4 3 4 2 1 4 1 2 2 4 1 2 3 4 1 3 4 4 1 1 1 4 2 2 2 4 2 3 3 4 2 2 4 4 2 2 1 4 3 1 2 4 3 2 3 4 3 1 4 4 3 3 1 4 4 1 2 4 4 3 3 4 4 1 4 4 4 2 6.536744 13.901361 
1 1 1 1 2 1 1 2 3 1 1 3 4 1 1 1 1 1 2 2 2 1 2 3 3 1 2 3 4 1 2 2 1 1 3 1 2 1 3 2 3 1 3 3 4 1 3 3 1 1 4 1 2 1 4 3 3 1 4 3 4 1 4 1 1 2 1 1 2 2 1 1 3 2 1 3 4 2 1 3 1 2 2 3 2 2 2 1 3 2 2 2 4 2 2 2 1 2 3 1 2 2 3 3 3 2 3 3 4 2 3 1 1 2 4 3 2 2 4 1 3 2 4 3 4 2 4 2 1 3 1 3 2 3 1 3 3 3 1 3 4 3 1 1 1 3 2 1 2 3 2 1 3 3 2 2 4 3 2 2 1 3 3 3 2 3 3 1 3 3 3 3 4 3 3 1 1 3 4 2 2 3 4 3 3 3 4 1 4 3 4 2 1 4 1 2 2 4 1 2 3 4 1 3 4 4 1 1 1 4 2 2 2 4 2 3 3 4 2 2 4 4 2 2 1 4 3 1 2 4 3 2 3 4 3 1 4 4 3 3 1 4 4 1 2 4 4 3 3 4 4 1 4 4 4 2 6.590074 13.805945 
1 1 1 2 2 1 1 2 3 1 1 3 4 1 1 1 1 1 2 2 2 1 2 3 3 1 2 3 4 1 2 1 1 1 3 1 2 1 3 2 3 1 3 3 4 1 3 3 1 1 4 1 2 1 4 2 3 1 4 3 4 1 4 1 1 2 1 1 2 2 1 1 3 2 1 3 4 2 1 3 1 2 2 3 2 2 2 1 3 2 2 2 4 2 2 3 1 2 3 1 2 2 3 3 3 2 3 3 4 2 3 1 1 2 4 3 2 2 4 1 3 2 4 3 4 2 4 2 1 3 1 3 2 3 1 3 3 3 1 3 4 3 1 1 1 3 2 2 2 3 2 1 3 3 2 2 4 3 2 2 1 3 3 3 2 3 3 1 3 3 3 3 4 3 3 1 1 3 4 2 2 3 4 3 3 3 4 1 4 3 4 2 1 4 1 2 2 4 1 2 3 4 1 3 4 4 1 1 1 4 2 2 2 4 2 3 3 4 2 2 4 4 2 2 1 4 3 1 2 4 3 1 3 4 3 1 4 4 3 3 1 4 4 1 2 4 4 3 3 4 4 1 4 4 4 2 6.552106 13.856173 
1 1 1 3 2 1 1 2 3 1 1 3 4 1 1 1 1 1 2 2 2 1 2 3 3 1 2 3 4 1 2 1 1 1 3 1 2 1 3 2 3 1 3 3 4 1 3 1 1 1 4 1 2 1 4 2 3 1 4 3 4 1 4 1 1 2 1 1 2 2 1 1 3 2 1 3 4 2 1 3 1 2 2 3 2 2 2 1 3 2 2 2 4 2 2 2 1 2 3 1 2 2 3 3 3 2 3 3 4 2 3 1 1 2 4 3 2 2 4 1 3 2 4 3 4 2 4 2 1 3 1 3 2 3 1 3 3 3 1 3 4 3 1 1 1 3 2 2 2 3 2 1 3 3 2 3 4 3 2 2 1 3 3 3 2 3 3 1 3 3 3 3 4 3 3 1 1 3 4 2 2 3 4 3 3 3 4 1 4 3 4 2 1 4 1 2 2 4 1 1 3 4 1 3 4 4 1 1 1 4 2 2 2 4 2 3 3 4 2 2 4 4 2 2 1 4 3 1 2 4 3 2 3 4 3 1 4 4 3 3 1 4 4 1 2 4 4 3 3 4 4 1 4 4 4 2 6.567402 8.500680 
1 1 1 2 2 1 1 2 3 1 1 3 4 1 1 1 1 1 2 2 2 1 2 3 3 1 2 3 4 1 2 2 1 1 3 1 2 1 3 2 3 1 3 3 4 1 3 3 1 1 4 1 2 1 4 3 3 1 4 3 4 1 4 1 1 2 1 1 2 2 1 1 3 2 1 3 4 2 1 3 1 2 2 3 2 2 2 1 3 2 2 2 4 2 2 2 1 2 3 1 2 2 3 3 3 2 3 3 4 2 3 1 1 2 4 3 2 2 4 1 3 2 4 3 4 2 4 2 1 3 1 1 2 3 1 3 3 3 1 3 4 3 1 1 1 3 2 1 2 3 2 1 3 3 2 2 4 3 2 2 1 3 3 3 2 3 3 1 3 3 3 3 4 3 3 1 1 3 4 2 2 3 4 3 3 3 4 1 4 3 4 2 1 4 1 2 2 4 1 2 3 4 1 3 4 4 1 1 1 4 2 2 2 4 2 3 3 4 2 2 4 4 2 2 1 4 3 1 2 4 3 2 3 4 3 1 4 4 3 3 1 4 4 1 2 4 4 3 3 4 4 1 4 4 4 2 6.563344 13.856674 
1 1 1 2 2 1 1 2 3 1 1 3 4 1 1 1 1 1 2 2 2 1 2 3 3 1 2 3 4 1 2 1 1 1 3 1 2 1 3 2 3 1 3 3 4 1 3 3 1 1 4 3 2 1 4 2 3 1 4 3 4 1 4 1 1 2 1 1 2 2 1 1 3 2 1 3 4 2 1 3 1 2 2 3 2 2 2 1 3 2 2 2 4 2 2 2 1 2 3 1 2 2 3 3 3 2 3 3 4 2 3 1 1 2 4 3 2 2 4 1 3 2 4 3 4 2 4 2 1 3 1 3 2 3 1 3 3 3 1 3 4 3 1 1 1 3 2 1 2 3 2 1 3 3 2 2 4 3 2 2 1 3 3 3 2 3 3 1 3 3 3 3 4 3 3 1 1 3 4 2 2 3 4 3 3 3 4 1 4 3 4 2 1 4 1 2 2 4 1 2 3 4 1 3 4 4 1 1 1 4 2 2 2 4 2 2 3 4 2 2 4 4 2 2 1 4 3 1 2 4 3 2 3 4 3 1 4 4 3 3 1 4 4 1 2 4 4 3 3 4 4 1 4 4 4 2 6.549785 13.888790 
1 1 1 1 2 1 1 2 3 1 1 3 4 1 1 1 1 1 2 2 2 1 2 3 3 1 2 3 4 1 2 1 1 1 3 1 2 1 3 2 3 1 3 3 4 1 3 3 1 1 4 1 2 1 4 3 3 1 4 3 4 1 4 1 1 2 1 1 2 2 1 1 3 2 1 3 4 2 1 3 1 2 2 3 2 2 2 1 3 2 2 2 4 2 2 2 1 2 3 1 2 2 3 3 3 2 3 3 4 2 3 1 1 2 4 3 2 2 4 1 3 2 4 3 4 2 4 2 1 3 1 3 2 3 1 3 3 3 1 3 4 3 1 1 1 3 2 1 2 3 2 1 3 3 2 2 4 3 2 2 1 3 3 3 2 3 3 1 3 3 3 3 4 3 3 1 1 3 4 2 2 3 4 3 3 3 4 1 4 3 4 2 1 4 1 2 2 4 1 2 3 4 1 3 4 4 1 1 1 4 2 2 2 4 2 3 3 4 2 2 4 4 2 2 1 4 3 2 2 4 3 2 3 4 3 1 4 4 3 3 1 4 4 1 2 4 4 3 3 4 4 1 4 4 4 2 6.700697 14.204958 
1 1 1 2 2 1 1 2 3 1 1 3 4 1 1 1 1 1 2 2 2 1 2 3 3 1 2 1 4 1 2 1 1 1 3 1 2 1 3 2 3 1 3 3 4 1 3 3 1 1 4 1 2 1 4 3 3 1 4 3 4 1 4 1 1 2 1 1 2 2 1 1 3 2 1 3 4 2 1 3 1 2 2 3 2 2 2 1 3 2 2 2 4 2 2 2 1 2 3 1 2 2 3 3 3 2 3 3 4 2 3 1 1 2 4 3 2 2 4 1 3 2 4 3 4 2 4 2 1 3 1 3 2 3 1 3 3 3 1 3 4 3 1 1 1 3 2 2 2 3 2 1 3 3 2 2 4 3 2 2 1 3 3 3 2 3 3 1 3 3 3 3 4 3 3 1 1 3 4 2 2 3 4 3 3 3 4 1 4 3 4 2 1 4 1 2 2 4 1 2 3 4 1 3 4 4 1 1 1 4 2 2 2 4 2 3 3 4 2 2 4 4 2 2 1 4 3 1 2 4 3 2 3 4 3 1 4 4 3 3 1 4 4 1 2 4 4 3 3 4 4 1 4 4 4 2 7.768372 6.100000 
1 1 1 2 2 1 1 2 3 1 1 3 4 1 1 1 1 1 2 2 2 1 2 3 3 1 2 3 4 1 2 1 1 1 3 3 2 1 3 2 3 1 3 3 4 1 3 3 1 1 4 1 2 1 4 3 3 1 4 3 4 1 4 1 1 2 1 1 2 2 1 1 3 2 1 3 4 2 1 3 1 2 2 3 2 2 2 1 3 2 2 2 4 2 2 2 1 2 3 3 2 2 3 3 3 2 3 3 4 2 3 1 1 2 4 3 2 2 4 1 3 2 4 3 4 2 4 2 1 3 1 3 2 3 1 3 3 3 1 3 4 3 1 1 1 3 2 1 2 3 2 1 3 3 2 2 4 3 2 2 1 3 3 3 2 3 3 1 3 3 3 3 4 3 3 1 1 3 4 2 2 3 4 3 3 3 4 1 4 3 4 2 1 4 1 2 2 4 1 2 3 4 1 3 4 4 1 1 1 4 2 2 2 4 2 3 3 4 2 2 4 4 2 2 1 4 3 1 2 4 3 2 3 4 3 1 4 4 3 3 1 4 4 1 2 4 4 3 3 4 4 1 4 4 4 2 6.549397 13.902088 
1 1 1 3 2 1 1 1 3 1 1 3 4 1 1 1 1 1 2 3 2 1 2 3 3 1 2 1 4 1 2 2 1 1 3 1 2 1 3 2 3 1 3 2 4 1 3 3 1 1 4 1 2 1 4 1 3 1 4 2 4 1 4 3 1 2 1 1 2 2 1 1 3 2 1 3 4 2 1 3 1 2 2 1 2 2 2 1 3 2 2 1 4 2 2 2 1 2 3 1 2 2 3 3 3 2 3 3 4 2 3 3 1 2 4 2 2 2 4 1 3 2 4 3 4 2 4 2 1 3 1 3 2 3 1 3 3 3 1 1 4 3 1 3 1 3 2 3 2 3 2 3 3 3 2 2 4 3 2 2 1 3 3 3 2 3 3 1 3 3 3 3 4 3 3 1 1 3 4 3 2 3 4 1 3 3 4 2 4 3 4 1 1 4 1 2 2 4 1 2 3 4 1 3 4 4 1 2 1 4 2 2 2 4 2 3 3 4 2 1 4 4 2 1 1 4 3 1 2 4 3 3 3 4 3 1 4 4 3 1 1 4 4 2 2 4 4 3 3 4 4 3 4 4 4 2 6.268372 56.450680 
